 5.30089714e+000
 1.84488690e+000
 1.59554591e+000
 1.60824685e+000
 3.50190043e+000
 3.90854543e+000
 8.45018710e-002
 5.39915623e+000
 1.74776800e+000
 8.25351800e+000
 1.69925302e+000
 4.52579792e+000
 9.28519232e-001
 5.48227351e-001
 1.39788408e+000
 1.87287597e+000
 6.18555267e-001
 3.89178158e+000
 3.81529183e+000
 3.33237334e-001
 1.21672375e+001
 8.88418527e-001
 6.56432793e+000
 2.16805214e+000
 5.50339705e-001
 1.52619779e+000
 4.99104402e-001
 4.95476323e+000
 4.05081242e+000
 9.91070576e-002
 6.30755745e+000
 4.11539255e-001
 3.53232146e+000
 7.67873343e-001
 8.33383740e-001
 7.00165401e-001
 5.22740863e-001
 1.96290522e+000
 8.17337452e+000
 6.82967498e+000
 1.04483471e+000
 1.09555680e+000
 2.30496265e+000
 1.98228168e+000
 2.96968254e+000
 5.27519208e+000
 1.97208030e+000
 6.62550103e-001
 3.52102553e-002
 3.49599076e-001
 3.25576635e+000
 1.57121951e+000
 1.84940877e+000
 3.55995042e-001
 2.83750513e+000
 1.27443481e+000
 1.41927650e+000
 1.10775186e+000
 7.60630199e+000
 2.52456163e+000
 5.27460980e-002
 2.78372935e+000
 5.17347210e+000
 9.49786132e-001
 5.98122026e-001
 7.22489229e-002
 1.08503957e+000
 9.62648171e-001
 2.00328052e+000
 5.62816544e+000
 3.22947927e+000
 1.91516125e+000
 4.66956330e+000
 9.93162375e-001
 1.63265366e+000
 1.78890431e-001
 2.94528571e+000
 7.28442978e+000
 1.09966082e+000
 1.04640828e+001
 2.56477335e+000
 5.13580789e-001
 9.10743985e-002
 1.67645779e+000
 1.59599117e+000
 3.23413761e+000
 3.10301587e+000
 1.73522670e+000
 4.06505040e-001
 3.41921948e+000
 2.65326702e-001
 2.98596396e+000
 6.77623340e-001
 4.16106800e+000
 2.62714937e+000
 5.33782334e+000
 8.43135275e-001
 1.28386979e-001
 1.89112464e+000
 7.88923797e-001
 9.55325548e-002
 2.17559406e-001
 1.45777124e-001
 4.18505258e+000
 8.53508317e-001
 3.47930644e+000
 2.82644695e+000
 6.70665682e-001
 1.82342652e+000
 3.25058148e-001
 3.67970811e-001
 1.82290783e+000
 1.86168677e+000
 5.88114988e+000
 4.56261804e-001
 3.26056298e+000
 5.86169263e+000
 4.89166836e-001
 1.73008573e-001
 2.03434003e+000
 6.28949084e-001
 5.16534717e-001
 3.18308849e-001
 9.20497603e-001
 2.11442607e+000
 1.15166779e+000
 1.20624531e+000
 3.99484786e-001
 1.86692809e-001
 4.58633818e-002
 5.84452654e+000
 4.92874821e-001
 1.56135826e+000
 1.50374475e+000
 4.66387257e-001
 1.37251050e+000
 6.59076928e-001
 2.92266473e-001
 3.46722590e+000
 3.02241150e-001
 2.04882828e+000
 3.25758777e+000
 3.09921594e+000
 2.86552876e+000
 5.70566993e-001
 6.69051083e-001
 2.65450032e-001
 1.88924306e-001
 1.13844711e-001
 8.16387552e-001
 4.41992606e-001
 1.04996218e+000
 9.28727094e-001
 3.01645492e+000
 8.23297674e+000
 1.87923946e+000
 1.00801350e+000
 4.31120442e-001
 5.63326780e+000
 3.03544654e+000
 8.68182093e-002
 6.38532126e-001
 1.85058571e+000
 1.58399286e+000
 1.38699185e+000
 2.11371576e-001
 2.87003485e+000
 1.71387900e+000
 4.79790688e-002
 8.24786979e-001
 2.31884960e+000
 5.85958476e-001
 1.04950374e+000
 2.92778092e+000
 2.07501824e+000
 2.98008616e+000
 2.73023552e+000
 2.07423657e+000
 2.90322246e-001
 2.77780604e+000
 4.68732828e-001
 1.91505769e+000
 3.93586420e+000
 1.65165833e-001
 7.16665778e-001
 1.27400933e+000
 3.46278638e+000
 8.21676183e+000
 2.85681823e+000
 5.11403014e-001
 2.91729261e+000
 2.71545029e+000
 1.19400206e+000
 5.51993007e-002
 2.91951232e-002
 1.86768119e-001
 6.48478727e-001
 1.91966041e+000
 1.54108554e+000
 3.78634733e-001
 1.80781781e+000
 2.21301072e+000
 3.53601446e-001
 6.08875477e-001
 1.30397126e+000
 1.92952260e+000
 2.81679898e-001
 8.43451325e-001
 3.61825923e+000
 6.79477931e+000
 4.80594651e+000
 4.37514453e+000
 2.64293681e+000
 1.38473447e+000
 3.79567338e+000
 1.85214946e+000
 2.66077740e-001
 1.52127105e+000
 3.69870951e+000
 1.82174724e-001
 1.05815466e+000
 1.88205394e+000
 1.60921970e+000
 3.74317787e-001
 2.61786871e+000
 1.81497864e+000
 2.57905077e+000
 8.12340564e+000
 2.43845491e+000
 5.72588540e-001
 2.75018010e-002
 7.51236274e-002
 5.22329379e-001
 2.44857521e+000
 1.68316817e+000
 4.35250700e-001
 1.83949168e+000
 1.21805493e+000
 2.23000744e+000
 1.40639755e+000
 8.45869660e-001
 1.34586748e+000
 3.73084668e-001
 6.06175057e-001
 7.35916397e-001
 3.66452242e+000
 2.07179437e+000
 1.55906221e+000
 1.63418566e+000
 2.33707468e+000
 1.28043354e+000
 1.56717898e-001
 3.93969703e+000
 1.68028335e-001
 3.28969944e+000
 1.46103809e+000
 3.93138471e+000
 1.86887959e+000
 9.01293139e+000
 2.25217924e-001
 1.63305091e+000
 5.93507074e-001
 4.72790101e-001
 1.61468882e+000
 6.15699590e-001
 3.85304756e+000
 9.54125862e+000
 9.02688524e-001
 6.15984978e-001
 1.39670589e+000
 1.44382454e+000
 1.64907257e+000
 1.80314517e+000
 4.65838317e-001
 1.27106868e+000
 1.89089186e+000
 2.40998903e+000
 2.91189946e+000
 7.65877806e-001
 5.10715029e-001
 1.76393611e+000
 2.48238806e+000
 6.15424330e-001
 8.96197835e-001
 5.73034552e+000
 5.00441064e+000
 7.82898249e+000
 5.02368786e+000
 2.58844243e+000
 2.26458845e+000
 7.41664254e-001
 1.03507039e+000
 1.84413221e+000
 2.10544058e+000
 1.62603960e-001
 1.81987578e-001
 1.65572549e+000
 1.24323687e+000
 3.13363336e+000
 7.20630659e-001
 1.36045025e+000
 6.33634696e-001
 1.32466867e-001
 6.92621851e+000
 1.05586985e+000
 1.25142773e+000
 1.22154274e+000
 5.36056086e+000
 6.98434268e+000
 3.66725886e+000
 3.30452215e+000
 6.93557042e-001
 7.35498892e-001
 3.61115067e+000
 6.02868621e-001
 6.02588274e+000
 3.24100718e-001
 2.46321783e-001
 2.00923775e-001
 1.46004184e+000
 7.74542070e+000
 2.74670222e-001
 6.53284876e-001
 3.12963343e+000
 7.06689871e+000
 4.80360129e+000
 1.22463675e+000
 1.77034844e-001
 5.88405316e-001
 4.57725499e+000
 3.41987500e-002
 3.63098820e+000
 1.79164252e-001
 2.83263903e-001
 1.19336637e+000
 3.48671462e+000
 8.64783675e-001
 1.55445351e+000
 4.70976779e+000
 4.18511366e-001
 1.37452306e+000
 1.87266962e+000
 5.69737059e+000
 2.61510147e+000
 9.57912718e-001
 3.86804395e-001
 1.39604082e+000
 1.71576702e+000
 3.54543524e+000
 8.52892117e-001
 5.30250305e+000
 4.94944270e+000
 2.39816399e+000
 4.91725917e+000
 1.95388733e+000
 3.89828439e-001
 4.42852117e-001
 5.72463443e-002
 1.90684997e-001
 3.41932527e-001
 1.39120662e+000
 8.00939210e+000
 1.53512772e+000
 3.47896740e-001
 1.14134315e+000
 3.92504042e+000
 1.90768964e+000
 1.96956928e+000
 1.67674306e-001
 4.32922376e+000
 3.78585656e+000
 2.68644616e+000
 1.18022528e+000
 2.11211775e-001
 1.42256642e+000
 2.55148784e+000
 8.56121981e-001
 5.20818786e+000
 3.30194095e-001
 1.88213534e+000
 1.98156174e-001
 5.52132766e+000
 1.15348368e+000
 1.67100967e-001
 2.43787627e-001
 1.08870877e+000
 4.04091986e+000
 4.82519708e+000
 2.87237752e+000
 3.06335033e+000
 2.52081208e+000
 2.53287622e+000
 4.87737207e+000
 9.80105391e-001
 7.83339836e-003
 6.13980925e-001
 1.68831997e+000
 1.39624930e+000
 6.17115249e+000
 3.25557870e+000
 1.13851924e+000
 5.73885652e+000
 1.36435826e-001
 5.10408353e-001
 2.03089334e-001
 2.03785841e-002
 7.95013044e-001
 5.05063991e+000
 4.28733925e-001
 2.00462830e-001
 1.93894741e+000
 1.79965295e-001
 9.04973777e-001
 3.68809760e+000
 4.79715287e-001
 6.02744459e+000
 1.96910061e+000
 5.41760222e+000
 4.48138805e-001
 5.04169124e-001
 1.05211524e+001
 3.46564487e+000
 4.22117913e+000
 2.26728631e+000
 5.34989006e+000
 2.77699250e-001
 1.81983081e+000
 2.99836082e+000
 1.33581928e-001
 6.36812280e+000
 2.66632735e+000
 1.87507199e+000
 2.44403089e+000
 9.74149053e-001
 1.16803442e+000
 3.92440314e-001
 1.47658528e-001
 3.79030637e+000
 8.70091177e+000
 5.69853906e-001
 1.83404070e-003
 1.14468901e+000
 9.16039428e-001
 4.25912077e-001
 3.28164823e+000
 3.21375370e+000
 4.56799879e-001
 4.09147903e+000
 1.40980505e+000
 2.77480332e+000
 1.15299766e-001
 2.71131680e-001
 5.05169985e+000
 1.25763825e+000
 1.36018097e+000
 7.42012753e+000
 9.59829772e+000
 2.50695820e+000
 1.56440283e+000
 4.18926134e-001
 1.20803979e+000
 1.04654183e+000
 1.59359663e+000
 5.64870238e-001
 2.20408197e+000
 1.93590524e+000
 3.18479464e+000
 3.53738629e+000
 6.73879719e-003
 3.98038083e-001
 1.61777971e+000
 2.17180859e+000
 1.87532850e+000
 1.37413685e+000
 1.21243247e-001
 4.04818800e+000
 2.10434405e+000
 8.48462579e-001
 5.86045852e+000
 8.33989776e-001
 2.72907271e+000
 1.91991337e+000
 3.36214243e-001
 3.46391423e+000
 9.23547184e-001
 3.46705699e+000
 5.66359453e+000
 9.04961990e-001
 2.95848703e+000
 1.58857669e+000
 5.00195352e-001
 2.80067298e-001
 3.85493328e-001
 1.28760459e+000
 9.53779700e-001
 2.52894483e-001
 1.86068227e+000
 1.79029263e+000
 4.49070212e+000
 1.65843055e+000
 2.62162242e+000
 1.65324525e+000
 4.78819474e+000
 1.11986435e+000
 4.75879054e+000
 3.07673489e+000
 4.51442543e+000
 4.42494220e+000
 5.77138481e-001
 6.25883962e-001
 7.41590626e-001
 2.40691091e-001
 1.96535929e+000
 4.39813677e+000
 4.77754920e-001
 6.40361799e-001
 1.40971835e+000
 8.67831484e-001
 5.44064737e+000
 2.09557075e+000
 3.28547590e+000
 2.39086080e-001
 1.70125017e+000
 2.73645077e+000
 2.87210259e-001
 1.06871271e+000
 5.87906097e-001
 7.15859926e-001
 3.57296235e+000
 2.98443295e+000
 2.50785707e+000
 4.57274589e-001
 2.18586838e+000
 2.23802202e-001
 7.51740882e+000
 5.95957083e-002
 3.50304394e-001
 4.56910377e-001
 1.16069141e+000
 2.46221219e+000
 1.64339606e+000
 5.14676464e+000
 1.25902841e+000
 1.38162865e+000
 4.08494210e-001
 5.61571115e-001
 4.98362810e-002
 6.24464514e-001
 2.73138240e-001
 2.06856817e+000
 1.07775276e+000
 7.45012576e-001
 2.45411319e+000
 3.97490874e+000
 2.05090613e-001
 2.10321179e+000
 1.56951318e+000
 1.59099182e+000
 2.22780172e+000
 2.04620821e+000
 3.55562781e-001
 2.51230135e-002
 1.79917110e+000
 1.09791824e+000
 2.67394357e+000
 3.73113128e+000
 2.14348726e-001
 6.36689817e-001
 4.97536836e+000
 1.45418648e+000
 9.48173344e-001
 6.41406082e-001
 8.86551466e-001
 4.66123338e+000
 2.09244312e+000
 3.48368313e+000
 1.12593755e+000
 2.35106390e+000
 5.13091390e+000
 1.07784524e+000
 2.16673510e+000
 3.32236412e+000
 6.48405716e+000
 5.38682015e+000
 3.25823760e+000
 2.47751655e+000
 9.97309700e-001
 8.31429639e+000
 4.13508318e+000
 2.44228583e+000
 4.64829815e+000
 3.40590577e-001
 1.05311151e+000
 1.57365940e+000
 1.38326259e+000
 9.79344858e-001
 2.59562383e+000
 1.84877885e+000
 2.82208482e-001
 2.08931416e+000
 2.53954011e+000
 1.20863915e-001
 2.73588734e-002
 3.79129104e-001
 6.64554950e-001
 1.56111646e+000
 8.89801445e-001
 1.74259605e+000
 2.06897860e+000
 9.13514888e-002
 1.21055073e+000
 3.91307686e-001
 1.12165164e+000
 4.44534810e+000
 1.52579455e+000
 1.73185564e+000
 2.08637375e+000
 1.73872049e+000
 1.26541842e+000
 8.60965734e-001
 3.55093355e+000
 9.12107583e-001
 6.28946017e-001
 1.48245478e+000
 7.57060650e-001
 2.22055317e+000
 3.45496896e+000
 3.97921897e+000
 9.96519294e-002
 1.17536448e+000
 5.00264712e+000
 2.86758421e-001
 6.50699602e-001
 5.80589403e-001
 3.79344219e+000
 4.31920709e-001
 2.23915639e+000
 4.25380748e+000
 1.21578283e+000
 1.50732760e+000
 6.52732582e-001
 6.18253551e-001
 3.71959581e-001
 4.47960187e+000
 3.81861438e+000
 2.83045351e+000
 6.85201708e+000
 1.12976851e+000
 9.66242457e+000
 1.47355042e+000
 4.97863512e-001
 1.07544442e+000
 2.15968374e-001
 1.47792947e+000
 5.69941989e-001
 1.56074018e+000
 1.07667419e+000
 1.50712698e+000
 1.55348673e+000
 9.04983127e-001
 1.12601524e+000
 5.47716803e-001
 2.81436180e+000
 4.97854125e-002
 6.43848408e-001
 6.79673278e-002
 5.47452463e-002
 2.02549473e+000
 9.35091097e-002
 3.97473097e+000
 5.19162834e+000
 4.07153615e-001
 2.46770845e-001
 6.17578707e-001
 2.63242547e+000
 2.64393704e+000
 7.09055061e+000
 5.98500309e-002
 3.55480010e-001
 1.85677906e+000
 2.20058961e+000
 2.53716927e+000
 6.59714201e+000
 6.10577682e-001
 1.29014320e-001
 1.55800754e+000
 1.99873458e+000
 1.56511374e+000
 2.97883318e+000
 7.16765569e-001
 6.12314344e-002
 3.54362903e+000
 1.52948297e-002
 1.14340193e+000
 1.70387145e-002
 3.04583744e+000
 1.13409047e-001
 2.43888189e-001
 3.67901921e+000
 5.11908086e-001
 4.48868671e+000
 7.99301343e-001
 1.03493722e+001
 1.87670537e+000
 4.39278761e-001
 7.92241207e-001
 2.28193782e+000
 1.29626530e+000
 1.45993879e-002
 1.59183560e+000
 9.82559643e-001
 2.11365460e-001
 7.02969756e-001
 1.70621521e-001
 1.12588142e+000
 1.86669447e+000
 4.76394483e+000
 3.79851001e-001
 3.08797710e-001
 9.36066431e-001
 1.31536941e+000
 8.55388488e+000
 4.63297026e-001
 4.12899775e-001
 1.15262626e+000
 1.53965387e+000
 1.18610005e+000
 1.23792636e+000
 4.77246701e+000
 6.80635187e-002
 2.82777620e+000
 2.32612347e+000
 2.67506848e-001
 4.55364064e+000
 2.39854779e+000
 4.31392443e-001
 7.47999659e-001
 4.32130268e-001
 6.82249598e-001
 1.82692354e-001
 7.10140112e+000
 2.36383252e+000
 4.50839199e-001
 8.14921998e-001
 2.47015526e+000
 1.09843042e+000
 5.33485214e-001
 3.64862333e+000
 8.04396229e-001
 2.84524505e+000
 7.77950377e-001
 5.63097078e-001
 2.20368302e+000
 3.94543991e-001
 9.55676745e-002
 1.29035886e+000
 1.29421136e+000
 8.18251510e-001
 3.95193253e+000
 8.05454249e-002
 7.19037028e-001
 1.58595792e+000
 2.67926021e+000
 4.47217268e-001
 2.80005786e+000
 7.81422617e-001
 4.82638962e+000
 5.64262011e-001
 2.03584754e+000
 8.68162758e-001
 1.80321149e+000
 1.14988284e+000
 4.26572330e-002
 6.38956322e+000
 3.02969140e-001
 8.05074583e-001
 4.63568528e-001
 8.86727877e+000
 7.32495503e-001
 3.11657728e+000
 2.78611302e+000
 1.60427571e+000
 2.48056041e+000
 1.57359876e+000
 1.71703516e+000
 9.29361095e-001
 3.21104336e+000
 8.31187866e-001
 4.40954056e+000
 9.12031350e-001
 2.36485445e+000
 1.91509694e+000
 2.06744885e-001
 7.40877548e-001
 5.90828247e-002
 4.07985889e-002
 9.65551157e-001
 2.86471759e+000
 4.37324873e-002
 8.69729690e-001
 7.08260836e-001
 1.96645190e+000
 2.45090641e+000
 2.96128945e+000
 6.85381865e-001
 5.09562735e+000
 1.05560149e+000
 2.09467345e+000
 2.90044625e-001
 1.13931922e+000
 1.50260631e+000
 9.96686391e-001
 7.14429356e-001
 1.34548511e+000
 5.07450376e-001
 6.56207149e-001
 1.00404011e+000
 1.86208431e+000
 2.64354336e+000
 1.69876809e+000
 2.69715324e+000
 6.27280754e-001
 6.86362546e+000
 7.28438953e-001
 2.68428548e+000
 5.40115720e+000
 1.69173108e+000
 1.73440323e+000
 9.51428135e-001
 7.44192225e-001
 2.17269720e+000
 7.79816229e+000
 4.88576012e-001
 1.82818736e-001
 4.50595643e+000
 2.14380527e-001
 2.54829620e+000
 5.07114061e-001
 1.09282213e+000
 9.62787517e+000
 2.41897242e+000
 4.04394266e+000
 7.54832428e-001
 1.03961682e+000
 8.94666416e-001
 2.91288184e+000
 4.79144606e+000
 3.25034960e-001
 6.36974644e-001
 5.48070807e+000
 1.90320070e+000
 8.16267046e-001
 4.46207150e+000
 4.56956539e+000
 3.52097378e+000
 2.37542373e-002
 4.60129153e-001
 2.94550652e+000
 9.50806824e-001
 1.45020860e+000
 1.20574173e+000
 1.01705151e+000
 3.97734476e+000
 2.57500804e-002
 2.33836607e+000
 2.57536563e-001
 3.86064687e-001
 1.01581641e+000
 4.33819131e-001
 7.05302611e-001
 2.93025414e+000
 8.53848327e-001
 1.02889051e-001
 1.63756668e+000
 2.42683452e+000
 9.97410568e-001
 4.93554163e-001
 5.44498887e-001
 5.95212206e-001
 7.48591546e-001
 4.57209736e-002
 3.59098080e-001
 3.16822173e-001
 5.70931121e+000
 1.17660977e+000
 4.35636809e+000
 3.39122712e+000
 3.70993101e+000
 2.41087401e+000
 1.36569208e+000
 7.65156717e+000
 5.00304473e+000
 5.97493151e-001
 1.71154732e+000
 1.47093895e-001
 9.57321045e-001
 1.34978410e+000
 9.57195939e-003
 9.03927147e-001
 3.52746108e+000
 2.32544985e+000
 2.75014803e+000
 4.75803690e+000
 2.52082794e+000
 5.79259652e-001
 2.51916613e+000
 6.17528369e-001
 3.70667777e-001
 5.08654119e+000
 1.11805733e+000
 1.20307489e+000
 1.31168857e+001
 4.61197269e+000
 1.04929468e+000
 3.49088047e+000
 4.31804573e+000
 2.44469527e+000
 6.52294221e-001
 3.92364621e-001
 1.24141907e+000
 6.50163804e-001
 3.67393009e+000
 9.28458308e-002
 2.22247925e+000
 1.15473038e+000
 8.55869228e-001
 1.84944308e+000
 6.14463003e-001
 5.14737737e-001
 9.94850001e-001
 1.34994512e+000
 3.09793140e-001
 4.72200022e-001
 1.91869789e-001
 1.44298293e+000
 1.06986890e-001
 2.44498448e+000
 1.30169023e+000
 5.82670029e-001
 2.67811162e+000
 2.76066580e+000
 3.61114912e-001
 3.93540543e+000
 7.95828792e-001
 3.35980218e-001
 8.88480142e-001
 5.66583290e-001
 7.90839013e-001
 2.09878490e+000
 7.93867171e-001
 2.43273938e+000
 3.16585389e+000
 8.75108694e-001
 5.46185462e-001
 6.80808780e+000
 1.43891607e+000
 5.17075153e-001
 2.07361860e+000
 8.70504062e-001
 9.31322130e-001
 2.39498829e+000
 2.49134184e+000
 1.25284799e+000
 9.58003451e-001
 1.26408024e+000
 2.41418983e+000
 9.79402679e-001
 1.29932540e+000
 2.08066184e+000
 1.61288022e+000
 4.83440385e-001
 1.60300352e+000
 4.24202792e-001
 1.85896446e+000
 1.70314584e+000
 3.02920959e+000
 2.74093682e+000
 1.26010302e+000
 1.18606704e+000
 1.65576124e+000
 2.88983196e+000
 2.69421452e+000
 8.99134862e-001
 2.61354714e-001
 3.06247762e-001
 1.15126887e+000
 1.93224412e+000
 7.26009231e-001
 1.99850890e+000
 1.01780301e+000
 4.02564241e-001
 2.24557800e-001
 2.93877728e+000
 2.05259135e+000
 6.60971441e-001
 6.57799787e-001
 1.35090939e+001
 2.85380441e+000
 2.06041119e+000
 1.87984942e+000
